year	region	nwl_A	nwl_W	nwl_E	nwl_N	nwl_H	fwl_A	fwl_W	fwl_E	fwl_N	fwl_H	cwl_A	cwl_W	cwl_E	cwl_N	cwl_H
1975	1	3.85607	0.45824	0.58348	4.11329	28.74126	2.30485	0.22965	0.21953	2.78304	11.12725	1.66996	0.16369	0.08228	1.78831	2.66156
1976	1	3.87224	0.46041	0.58575	4.12634	28.74193	2.27299	0.22633	0.21791	2.76	11.12745	1.65221	0.16228	0.08217	1.78002	2.66161
1977	1	3.89496	0.46336	0.58903	4.14515	28.74264	2.25686	0.22439	0.21711	2.74437	11.12762	1.63958	0.16096	0.08204	1.77318	2.66165
1978	1	3.92351	0.467	0.59325	4.16973	28.74341	2.25954	0.22422	0.21746	2.74067	11.12778	1.63508	0.16013	0.08194	1.7694	2.66169
1979	1	3.96423	0.47232	0.5993	4.20492	28.74425	2.30685	0.22785	0.22068	2.76886	11.12796	1.6501	0.16054	0.08196	1.77453	2.66173
1980	1	4.00591	0.47758	0.60596	4.24535	28.74518	2.35445	0.23248	0.22447	2.80507	11.1282	1.66746	0.1617	0.08207	1.78186	2.66178
1981	1	4.04247	0.48196	0.61213	4.28548	28.74619	2.38132	0.23561	0.22726	2.83272	11.12848	1.67739	0.16277	0.08218	1.7867	2.66183
1982	1	4.06995	0.48507	0.61706	4.32073	28.74727	2.37136	0.23551	0.22773	2.83668	11.12878	1.67164	0.16294	0.08218	1.78461	2.66188
1983	1	4.10198	0.48917	0.62256	4.35805	28.74842	2.36932	0.23523	0.22851	2.8426	11.12908	1.66757	0.16278	0.08218	1.78301	2.66193
1984	1	4.13955	0.49401	0.62888	4.3993	28.74965	2.38409	0.23633	0.23024	2.85817	11.12939	1.66978	0.16281	0.08222	1.7841	2.66198
1985	1	4.18184	0.49941	0.63597	4.44509	28.75097	2.41802	0.23922	0.23313	2.8872	11.12973	1.67994	0.16335	0.0823	1.78891	2.66203
1986	1	4.21884	0.50371	0.6422	4.48875	28.75237	2.42108	0.24023	0.23447	2.89963	11.13009	1.67687	0.16348	0.08233	1.78844	2.66208
1987	1	4.26015	0.50894	0.64907	4.53543	28.75386	2.44294	0.24202	0.23674	2.92244	11.13047	1.68119	0.16373	0.08239	1.79102	2.66213
1988	1	4.30546	0.51462	0.65652	4.58552	28.75545	2.47944	0.24529	0.23998	2.9562	11.13089	1.69207	0.16442	0.08251	1.79683	2.66219
1989	1	4.35095	0.52019	0.66403	4.63676	28.75714	2.51866	0.24909	0.24352	2.99426	11.13136	1.70547	0.16546	0.08269	1.80424	2.66225
1990	1	4.39415	0.52533	0.67114	4.68727	28.75892	2.54483	0.25199	0.24644	3.02635	11.13187	1.71368	0.16638	0.08288	1.80998	2.66232
1991	1	4.42292	0.52807	0.67572	4.72776	28.76078	2.52718	0.25131	0.24661	3.02943	11.13239	1.7028	0.16625	0.08295	1.80734	2.66239
1992	1	4.45326	0.53156	0.68017	4.76691	28.76271	2.53981	0.25197	0.24814	3.04661	11.13291	1.70383	0.16619	0.08307	1.80938	2.66246
1993	1	4.48172	0.53474	0.68417	4.80367	28.76471	2.56362	0.25403	0.25022	3.0706	11.13346	1.70989	0.16648	0.08321	1.81363	2.66253
1994	1	4.51449	0.53865	0.68865	4.84241	28.76678	2.61846	0.25872	0.25425	3.11671	11.13406	1.72969	0.16766	0.08346	1.8246	2.6626
1995	1	4.54181	0.54158	0.69233	4.87753	28.76892	2.67293	0.26405	0.25842	3.16693	11.13473	1.75209	0.16941	0.08379	1.83759	2.66268
1996	1	4.56019	0.54326	0.6946	4.90554	28.77112	2.69817	0.26722	0.26102	3.20145	11.13546	1.76356	0.17086	0.08411	1.84663	2.66277
1997	1	4.58716	0.54672	0.69817	4.93693	28.77337	2.75287	0.272	0.26532	3.25453	11.13624	1.78728	0.17273	0.08453	1.86168	2.66286
1998	1	4.60983	0.54918	0.70118	4.96564	28.77568	2.8105	0.27758	0.26983	3.31196	11.13709	1.81969	0.17531	0.08508	1.88147	2.66296
1999	1	4.6264	0.5508	0.70325	4.99008	28.77804	2.85692	0.28242	0.27377	3.36469	11.13802	1.84805	0.17802	0.08569	1.90088	2.66308
2000	1	4.63713	0.55174	0.70443	5.00957	28.78045	2.8927	0.28621	0.27671	3.40987	11.13901	1.87197	0.18054	0.08635	1.91938	2.66321
2001	1	4.64258	0.55214	0.7049	5.0234	28.78288	2.90827	0.28821	0.27823	3.4401	11.14005	1.88741	0.1825	0.087	1.93458	2.66335
2002	1	4.65295	0.55359	0.70626	5.03788	28.78533	2.92772	0.29007	0.27973	3.46935	11.14111	1.90315	0.18421	0.08767	1.95007	2.6635
2003	1	4.6627	0.5548	0.70771	5.05136	28.78781	2.94503	0.29181	0.28084	3.49459	11.1422	1.91927	0.18583	0.08836	1.96579	2.66365
2004	1	4.67566	0.55658	0.70983	5.06624	28.79031	2.95804	0.29317	0.28152	3.51507	11.14331	1.9456	0.18778	0.08893	1.98442	2.66381
2005	1	4.68325	0.55737	0.71124	5.07803	28.79284	2.9586	0.29349	0.28148	3.52571	11.14443	1.96361	0.18966	0.0895	1.99998	2.66398
2006	1	4.68409	0.55719	0.71153	5.08497	28.79539	2.95131	0.29295	0.28068	3.52768	11.14556	1.97531	0.19115	0.09008	2.01304	2.66416
2007	1	4.69202	0.55839	0.71277	5.09508	28.79797	2.97663	0.29474	0.28209	3.54924	11.14671	2.00196	0.1932	0.09076	2.03281	2.66435
2008	1	4.68472	0.55693	0.71171	5.0959	28.80057	2.97961	0.29538	0.28131	3.55389	11.14789	2.04131	0.19615	0.09146	2.0578	2.66455
2009	1	4.67666	0.55588	0.71041	5.09302	28.80316	2.94889	0.2931	0.27915	3.53716	11.14905	2.05083	0.19808	0.09208	2.07096	2.66477
2010	1	4.68786	0.55799	0.71205	5.10086	28.80575	2.97503	0.29448	0.28019	3.55295	11.15021	2.07188	0.19999	0.09276	2.08893	2.66499
2011	1	4.69867	0.55933	0.71377	5.11069	28.80837	2.99947	0.29684	0.28164	3.57199	11.1514	2.08538	0.2016	0.09343	2.10399	2.66522
2012	1	4.70695	0.56021	0.71507	5.12027	28.81103	3.01333	0.29843	0.28246	3.5861	11.15262	2.08913	0.20255	0.09407	2.11477	2.66546
2013	1	4.72285	0.56249	0.71765	5.13546	28.81372	3.05394	0.30184	0.28477	3.61778	11.15388	2.10838	0.20391	0.09472	2.13152	2.6657
2014	1	4.73897	0.5645	0.72034	5.15202	28.81645	3.08824	0.30532	0.28726	3.65014	11.15519	2.12797	0.20561	0.09541	2.14898	2.66595
2015	1	4.75052	0.56567	0.72221	5.16734	28.81923	3.13443	0.30963	0.29067	3.6926	11.15656	2.15754	0.20793	0.09615	2.1711	2.66621
2016	1	4.76661	0.56775	0.7247	5.18557	28.82205	3.19094	0.31495	0.29472	3.74474	11.15801	2.1985	0.21117	0.097	2.1992	2.66649
2017	1	4.77929	0.56905	0.72652	5.2022	28.82492	3.24028	0.31999	0.29882	3.79684	11.15954	2.23413	0.21463	0.09797	2.22693	2.66679
1975	2	3.99052	0.55617	0.62289	4.06047	27.89508	1.26285	0.1257	0.13184	1.55003	5.78141	0.81775	0.07979	0.04087	0.87371	1.22702
1976	2	3.98667	0.47626	0.66919	4.0464	27.89607	1.26005	0.12553	0.13166	1.54834	5.78158	0.81653	0.07974	0.04086	0.87319	1.22706
1977	2	3.98015	0.4719	0.64049	4.03239	27.89693	1.26127	0.12556	0.13173	1.54897	5.78175	0.81695	0.07974	0.04086	0.87336	1.2271
1978	2	3.97711	0.47083	0.6194	4.04304	27.89777	1.26922	0.12615	0.1322	1.55395	5.78192	0.82044	0.07991	0.04089	0.87487	1.22714
1979	2	3.97849	0.47051	0.60402	4.05171	27.8986	1.28128	0.12721	0.13302	1.5626	5.7821	0.82618	0.08028	0.04096	0.87757	1.22718
1980	2	3.98229	0.47058	0.59287	4.05935	27.89943	1.29553	0.12855	0.13409	1.57398	5.78229	0.83432	0.08087	0.04107	0.88163	1.22722
1981	2	3.98503	0.4705	0.58452	4.0652	27.90026	1.30366	0.12951	0.13481	1.58247	5.7825	0.83997	0.08144	0.04117	0.88491	1.22726
1982	2	3.98724	0.47047	0.57832	4.06961	27.90109	1.30941	0.13016	0.13538	1.58953	5.78271	0.84497	0.08197	0.04129	0.88806	1.2273
1983	2	3.98994	0.47062	0.57383	4.07355	27.90192	1.31568	0.13079	0.13598	1.59692	5.78293	0.85021	0.08249	0.04142	0.89149	1.22735
1984	2	4.00658	0.47342	0.573	4.08628	27.90277	1.32494	0.13162	0.1369	1.60674	5.78316	0.85551	0.083	0.04155	0.89513	1.2274
1985	2	4.0321	0.47718	0.57481	4.10666	27.90365	1.33247	0.13241	0.13781	1.61589	5.7834	0.85958	0.08345	0.04168	0.89828	1.22745
1986	2	4.06548	0.48182	0.57873	4.13478	27.90458	1.33874	0.13308	0.13876	1.62469	5.78364	0.86238	0.08381	0.0418	0.90096	1.2275
1987	2	4.10824	0.48769	0.58477	4.17202	27.90558	1.35689	0.13457	0.14047	1.6412	5.7839	0.86927	0.08432	0.04195	0.90546	1.22755
1988	2	4.15603	0.49393	0.59208	4.21607	27.90666	1.37432	0.13628	0.14227	1.65862	5.78417	0.87572	0.08488	0.0421	0.90994	1.2276
1989	2	4.20881	0.50072	0.60045	4.26657	27.90782	1.39247	0.13807	0.14423	1.67763	5.78446	0.88221	0.08548	0.04227	0.91462	1.22766
1990	2	4.26386	0.50761	0.60934	4.32158	27.90907	1.40268	0.13932	0.14581	1.69253	5.78477	0.88515	0.08593	0.04242	0.91789	1.22772
1991	2	4.31222	0.51306	0.61709	4.37431	27.91041	1.39872	0.13937	0.14648	1.69802	5.78508	0.88186	0.08599	0.04252	0.91839	1.22778
1992	2	4.3539	0.51758	0.62369	4.42445	27.91183	1.40328	0.13966	0.14745	1.70686	5.7854	0.88181	0.08602	0.04263	0.92001	1.22784
1993	2	4.39438	0.52221	0.62988	4.4731	27.91333	1.41135	0.14036	0.1486	1.7175	5.78573	0.88309	0.0861	0.04275	0.92213	1.2279
1994	2	4.43639	0.52718	0.63612	4.52173	27.9149	1.42647	0.14167	0.15019	1.73282	5.78607	0.88722	0.08635	0.0429	0.92551	1.22796
1995	2	4.47396	0.53132	0.64163	4.56779	27.91654	1.44012	0.14305	0.15169	1.74779	5.78643	0.89113	0.08666	0.04305	0.92885	1.22802
1996	2	4.50719	0.53491	0.64638	4.61042	27.91825	1.44659	0.14391	0.15277	1.75855	5.7868	0.89251	0.0869	0.04319	0.93112	1.22808
1997	2	4.54415	0.53939	0.65161	4.65349	27.92002	1.45895	0.14502	0.1542	1.77273	5.78718	0.89608	0.08719	0.04335	0.93431	1.22814
1998	2	4.57567	0.54275	0.65605	4.69381	27.92186	1.47659	0.14662	0.15588	1.79032	5.78758	0.91383	0.08818	0.0436	0.94376	1.22821
1999	2	4.6022	0.54549	0.65969	4.73061	27.92376	1.49293	0.14826	0.15748	1.80775	5.788	0.93072	0.08952	0.04389	0.95352	1.22828
2000	2	4.62578	0.54795	0.66279	4.76454	27.92572	1.50954	0.14991	0.15906	1.82579	5.78844	0.94681	0.09098	0.04421	0.96359	1.22836
2001	2	4.64837	0.55042	0.6657	4.79636	27.92773	1.52592	0.15154	0.16061	1.84408	5.7889	0.96209	0.09245	0.04456	0.97385	1.22844
2002	2	4.67509	0.55372	0.66924	4.8285	27.92978	1.54123	0.15309	0.16213	1.86201	5.78937	0.97617	0.09387	0.04493	0.984	1.22853
2003	2	4.70074	0.55663	0.67267	4.85995	27.93189	1.55947	0.15483	0.16382	1.88198	5.78987	0.99291	0.09539	0.04535	0.99573	1.22862
2004	2	4.72974	0.56015	0.67659	4.89238	27.93404	1.57959	0.15677	0.1657	1.90379	5.79039	1.01105	0.09699	0.04575	1.00824	1.22872
2005	2	4.75464	0.56281	0.67994	4.92286	27.93625	1.59662	0.15854	0.16742	1.92414	5.79093	1.02717	0.09858	0.04617	1.02033	1.22882
2006	2	4.77391	0.56467	0.68242	4.94981	27.93851	1.60586	0.15968	0.16864	1.93948	5.79149	1.03948	0.09997	0.04659	1.03113	1.22893
2007	2	4.79169	0.5665	0.68456	4.97494	27.94082	1.62581	0.16141	0.17045	1.96092	5.79207	1.0557	0.10146	0.04707	1.04389	1.22905
2008	2	4.80162	0.56709	0.68549	4.99493	27.94318	1.64856	0.16353	0.17217	1.98371	5.79268	1.09291	0.10398	0.04767	1.06603	1.22918
2009	2	4.80873	0.56757	0.68584	5.01039	27.94555	1.64972	0.1642	0.17274	1.99375	5.7933	1.11511	0.10634	0.04824	1.08291	1.22932
2010	2	4.81885	0.56871	0.68659	5.02572	27.94795	1.66856	0.16567	0.17428	2.01337	5.79394	1.14142	0.1088	0.04889	1.10215	1.22946
2011	2	4.82511	0.56908	0.68678	5.03816	27.95038	1.68633	0.16741	0.17571	2.03271	5.7946	1.16537	0.1112	0.04958	1.12107	1.22961
2012	2	4.83296	0.56991	0.68721	5.04994	27.95283	1.70174	0.16899	0.17711	2.05109	5.79528	1.18756	0.11347	0.05029	1.13972	1.22977
2013	2	4.85055	0.57231	0.68911	5.06626	27.95531	1.72409	0.17104	0.1791	2.07441	5.79598	1.21108	0.11575	0.05104	1.15929	1.22994
2014	2	4.87271	0.57506	0.69179	5.0862	27.95783	1.74592	0.17321	0.18125	2.09865	5.79671	1.2334	0.11798	0.05181	1.17886	1.23012
2015	2	4.89154	0.57697	0.69402	5.10631	27.96041	1.76547	0.17523	0.18329	2.12209	5.79747	1.25342	0.12008	0.0526	1.19788	1.23031
2016	2	4.91046	0.57903	0.69626	5.12694	27.96305	1.78347	0.17708	0.18531	2.14484	5.79826	1.27979	0.12242	0.05346	1.22	1.23051
2017	2	4.93253	0.58162	0.69895	5.14976	27.96574	1.80409	0.17908	0.18757	2.16953	5.79908	1.30519	0.12484	0.05435	1.24223	1.23072