#Ajat
                              2011      2015      2025      2035      2045      2055      2065
#Pinta-alat 
Kankaat                       8857.0    8857.0    8857.0    8857.0    8857.0    8857.0    8857.0
Ojittamaton                   416.4     416.4     416.4     416.4     416.4     416.4     416.4
Ojitettu                      2232.0    2232.0    2232.0    2232.0    2232.0    2232.0    2232.0
#Tilavuus (1000 m3)           1559915   1616609   1773139   1895266   2069212   2307174   2578164
1 1                           540280    562377    606504    629188    665290    685657    656099
1 2                           473269    497894    560028    648508    782749    991494   1241741
1 3                           244554    250859    270091    267802    269239    271004    282066
3 1                          17930.6   17314.8   16317.4   15752.8   17248.7   20874.4   26432.9
3 2                          11574.0   10509.2   11451.9   12796.9   15642.0   16377.7   18254.4
3 3                          11391.1   10223.3    9460.6    9332.2    9285.7    8316.3    7275.2
2 1                           134095    140689    151819    153773    139417    127722    133533
2 2                          67117.2   70077.1   86706.5   99948.6    117766    135443    161637
2 3                          59704.5   56665.7   60761.1   58162.3   52573.1   50284.8   51126.6
#Luonnonpoistuma  (1000 m3)        7406.3    5325.8    5555.8    5289.2    5002.8    5369.8       
1 1                               1289.4    1005.0    1087.0    1154.9    1199.3    1084.4       
1 2                                758.9     495.6     726.6     895.3     922.4    1469.5       
1 3                               3495.5    2538.0    2528.5    2155.9    1971.9    1893.6       
3 1                                 48.2      31.5      29.1      31.8      38.4      49.9       
3 2                                 18.5      12.5      13.4      16.4      16.6      19.2       
3 3                                166.9     113.6      94.3      95.2      91.4      92.3       
2 1                                569.5     405.7     360.1     300.3     218.4     198.1       
2 2                                158.9      97.9     112.9     121.7     111.0     139.1       
2 3                                900.5     625.9     603.8     517.8     433.3     423.6       
#Hukkapuu massat (1000 t DM)
1 1 3                              242.8     150.1     177.8     140.6     159.1     136.7       
1 1 2                              937.8     808.2    1104.0    1045.7    1133.3    1130.4       
1 1 1                              342.4     384.4     464.1     453.8     495.2     565.2       
1 1 4                              444.0     506.5     590.7     571.8     605.1     688.0       
1 1 5                             1406.0    1606.8    1838.3    1773.9    1860.2    2109.9       
1 2 3                              282.5     190.5     131.1     100.4      94.4      82.3       
1 2 2                             1107.4     893.9    1200.7    1291.7    1338.7    1432.1       
1 2 1                              922.3    1090.7    1199.5    1254.2    1285.8    1461.9       
1 2 4                              537.9     571.1     602.7     626.5     634.6     709.7       
1 2 5                             2004.0    2199.0    2342.2    2429.1    2461.4    2757.7       
1 3 3                              626.7     275.8     211.7     138.6     116.7      98.2       
1 3 2                              539.9     366.6     415.5     380.4     387.5     377.4       
1 3 1                              161.1     164.1     189.3     183.4     183.5     156.6       
1 3 4                              389.6     359.2     404.8     384.6     384.2     330.5       
1 3 5                             1236.3    1157.2    1297.8    1235.9    1213.4    1034.0       
3 1 3                                8.2       5.4       6.3       5.2       7.6       9.9       
3 1 2                               46.3      44.5      38.1      28.1      24.4      21.7       
3 1 1                               14.5      14.3      12.2       9.2       9.0       9.1       
3 1 4                               17.4      16.3      14.5      10.5       9.6       8.9       
3 1 5                               52.4      48.3      43.2      30.7      27.0      23.5       
3 2 3                               10.0       6.2       4.2       3.5       4.5       4.3       
3 2 2                               68.5      31.8      30.0      21.4      39.5      26.5       
3 2 1                               41.7      22.2      20.9      14.8      27.4      20.0       
3 2 4                               22.7      11.0      10.2       6.9      13.2       9.7       
3 2 5                               86.1      43.4      40.5      28.1      52.6      38.6       
3 3 3                               27.3      10.5       5.9       6.5       6.3       5.3       
3 3 2                               36.4      21.7      15.3      10.7      14.1      12.9       
3 3 1                                8.6       5.2       3.7       2.9       4.1       4.0       
3 3 4                               19.2      10.8       7.7       6.2       8.4       7.9       
3 3 5                               61.8      35.3      26.2      22.3      32.0      29.9       
2 1 3                               47.9      30.7      35.0      34.1      29.2      28.9       
2 1 2                              218.8     282.3     323.1     406.3     361.6     219.8       
2 1 1                               84.7     105.8     110.6     128.6     107.4      71.2       
2 1 4                               98.1     122.8     135.7     166.2     144.7      88.0       
2 1 5                              289.9     362.3     414.0     520.6     465.0     271.7       
2 2 3                               60.0      33.7      39.9      25.3      26.9      19.4       
2 2 2                              222.2     168.2     242.4     220.3     234.2     164.2       
2 2 1                              159.3     130.2     166.9     154.8     162.4     120.2       
2 2 4                               85.9      69.6      91.3      80.9      84.9      58.5       
2 2 5                              330.7     267.3     347.0     312.6     328.0     232.0       
2 3 3                              149.8      69.0      70.0      47.0      33.8      32.5       
2 3 2                              148.6      93.1      98.7      91.4      79.8      71.3       
2 3 1                               48.8      31.3      35.5      35.8      28.2      24.4       
2 3 4                              108.6      68.1      75.9      77.0      60.8      50.7       
2 3 5                              357.6     220.6     254.1     255.9     199.8     170.1       
